330	2.00524151101055	0.0691792542260256
331	2.00587381911542	0.0695257025105347
332	2.00643999502408	0.0698697468395862
333	2.00694183900653	0.0702112941663954
334	2.0073811035046	0.0705502536775263
335	2.0077594944002	0.0708865368128631
336	2.00807867225017	0.0712200572846578
337	2.00834025348858	0.0715507310955426
338	2.00854581159761	0.0718784765554023
339	2.00869687824785	0.0722032142970125
340	2.00879494440892	0.0725248672903554
341	2.00884146143123	0.0728433608555363
342	2.00883784209984	0.0731586226742291
343	2.00878546166106	0.0734705827995897
344	2.00868565882257	0.07377917366458
345	2.00853973672791	0.0740843300886576
346	2.00834896390589	0.0743859892827885
347	2.00811457519571	0.0746840908527498
348	2.00783777264838	0.0749785768006961
349	2.00751972640508	0.0752693915249679
350	2.00716157555306	0.0755564818181288
351	2.00676442895971	0.0758397968632225
352	2.0063293660853	0.0761192882282464
353	2.00585743777495	0.0763949098588469
354	2.00534966703034	0.0766666180692416
355	2.00480704976178	0.0769343715313833
356	2.00423055552089	0.077198131262384
357	2.00362112821464	0.0774578606102204
358	2.00297968680103	0.0777135252377466
359	2.00230712596685	0.0779650931050479
360	2.00160431678809	0.0782125344501669
361	2.00087210737329	0.078455821768241
362	2.0001113234902	0.0786949297890932
363	1.99932276917639	0.0789298354533198
364	1.99850722733381	0.0791605178869214
365	1.99766546030805	0.0793869583745282
366	1.99679821045241	0.0796091403312703
367	1.9959062006772	0.0798270492733473
368	1.99499013498468	0.0800406727873526
369	1.99405069898987	0.0802500004984107
370	1.99308856042767	0.0804550240371848
371	1.99210436964646	0.0806557370058157
372	1.99109876008862	0.0808521349428522
373	1.99007234875826	0.0810442152872348
374	1.9890257366764	0.0812319773413952
375	1.98795950932387	0.0814154222335328
376	1.98687423707233	0.081594552879133
377	1.9857704756036	0.0817693739417875
378	1.98464876631758	0.0819398917933811
379	1.98350963672904	0.0821061144737063
380	1.98235360085356	0.0822680516495669
381	1.98118115958281	0.0824257145734337
382	1.97999280104956	0.0825791160417096
383	1.97878900098247	0.0827282703526663
384	1.97757022305106	0.0828731932641094
385	1.97633691920109	0.0830139019508302
386	1.97508952998043	0.0831504149618997
387	1.97382848485585	0.0832827521778594
388	1.97255420252084	0.0834109347678636
389	1.97126709119468	0.083534985146824
390	1.96996754891301	0.0836549269326068
391	1.96865596381012	0.0837707849033325
392	1.96733271439313	0.0838825849548242
393	1.96599816980827	0.0839903540582506
394	1.96465269009956	0.0840941202180072
395	1.96329662645984	0.0841939124298775
396	1.96193032147472	0.0842897606395149
397	1.96055410935923	0.0843816957012827
398	1.95916831618768	0.0844697493374897
399	1.95777326011673	0.0845539540980548
400	1.95636925160193	0.0846343433206351
401	1.95495659360786	0.0847109510912471
402	1.95353558181209	0.0847838122054094
403	1.95210650480306	0.084852962129837
404	1.95066964427217	0.0849184369647097
405	1.94922527520003	0.0849802734065396
406	1.94777366603729	0.0850385087116602
407	1.94631507888003	0.085093180660355
408	1.94484976963983	0.0851443275216476
409	1.94337798820887	0.0851919880187663
410	1.94189997862002	0.0852362012953013
411	1.94041597920209	0.085277006882066
412	1.93892622273048	0.0853144446646762
413	1.93743093657326	0.0853485548518562
414	1.93593034283286	0.0853793779444813
415	1.9344246584835	0.0854069547053647
416	1.93291409550445	0.0854313261297947
417	1.93139886100933	0.0854525334168268
418	1.92987915737147	0.0854706179413351
419	1.92835518234545	0.0854856212268245
420	1.92682712918511	0.0854975849190053
421	1.92529518675787	0.0855065507601312
422	1.92375953965568	0.0855125605640974
423	1.92222036830262	0.0855156561922999
424	1.92067784905926	0.0855158795302498
425	1.9191321543239	0.0855132724649417
426	1.91758345263078	0.085507876862969
427	1.91603190874534	0.0854997345493821
428	1.91447768375661	0.0854888872872824
429	1.91292093516696	0.0854753767581449
430	1.91136181697901	0.0854592445428624
431	1.9098004797801	0.0854405321035018
432	1.9082370708242	0.0854192807657643
433	1.90667173411144	0.0853955317021405
434	1.90510461046525	0.0853693259157473
435	1.90353583760724	0.0853407042248415
436	1.90196555023001	0.085309707247993
437	1.90039388006763	0.0852763753899111
438	1.89882095596427	0.0852407488279098
439	1.89724690394076	0.0852028674990009
440	1.89567184725919	0.0851627710876018
441	1.89409590648578	0.0851204990138474
442	1.89251919955183	0.0850760904224904
443	1.89094184181302	0.0850295841723811
444	1.88936394610702	0.0849810188265091
445	1.88778562280942	0.0849304326425976
446	1.88620697988823	0.0848778635642351
447	1.88462812295667	0.0848233492125315
448	1.88304915532471	0.0847669268782855
449	1.881470178049	0.08470863351465
450	1.87989128998159	0.084648505730281
451	1.8783125878172	0.0845865797829592
452	1.87673416613932	0.0845228915736673
453	1.87515611746499	0.0844574766411138
454	1.87357853228842	0.0843903701566872
455	1.87200149912346	0.0843216069198277
456	1.87042510454492	0.084251221353806
457	1.86884943322886	0.0841792475018934
458	1.86727456799178	0.0841057190239115
459	1.86570058982884	0.08403066919315
460	1.86412757795107	0.0839541308936383
461	1.86255560982167	0.0838761366177608
462	1.86098476119135	0.0837967184642015
463	1.85941510613282	0.0837159081362083
464	1.85784671707442	0.0836337369401637
465	1.85627966483289	0.0835502357844512
466	1.8547140186454	0.0834654351786059
467	1.85314984620072	0.083379365232738
468	1.85158721366971	0.0832920556572198
469	1.85002618573503	0.0832035357626225
470	1.84846682562021	0.0831138344598963
471	1.84690919511795	0.0830229802607804
472	1.84535335461783	0.0829310012784344
473	1.84379936313337	0.0828379252282821
474	1.84224727832841	0.082743779429056
475	1.84069715654297	0.0826485908040356
476	1.83914905281848	0.0825523858824692
477	1.83760302092244	0.0824551908011701
478	1.83605911337256	0.0823570313062805
479	1.83451738146036	0.0822579327551923
480	1.83297787527422	0.0821579201186183
481	1.83144064372199	0.0820570179828059
482	1.82990573455305	0.0819552505518854
483	1.82837319437996	0.0818526416503441
484	1.8268430686996	0.0817492147256223
485	1.82531540191389	0.0816449928508208
486	1.82379023735008	0.0815399987275154
487	1.82226761728062	0.0814342546886699
488	1.82074758294261	0.0813277827016445
489	1.81923017455684	0.081220604371289
490	1.81771543134651	0.0811127409431192
491	1.81620339155549	0.0810042133065679
492	1.81469409246628	0.080895041998306
493	1.81318757041754	0.0807852472056289
494	1.81168386082142	0.0806748487699017
495	1.81018299818033	0.0805638661900599
496	1.80868501610363	0.0804523186261594
497	1.8071899473238	0.0803402249029717
498	1.8056978237124	0.0802276035136208
499	1.80420867629571	0.0801144726232555
500	1.80272253527006	0.0800008500727557
501	1.80123943001691	0.0798867533824659
502	1.79975938911759	0.0797721997559551
503	1.79828244036777	0.0796572060837964
504	1.79680861079177	0.0795417889473656
505	1.79533792665645	0.0794259646226544
506	1.79387041348494	0.0793097490840939
507	1.79240609607014	0.0791931580083875
508	1.79094499848788	0.079076206778349
509	1.78948714410994	0.0789589104867431
510	1.78803255561679	0.0788412839401262
511	1.78658125501012	0.0787233416626852
512	1.78513326362511	0.0786050979000706
513	1.78368860214254	0.0784865666232231
514	1.78224729060064	0.0783677615321913
515	1.78080934840677	0.0782486960599369
516	1.77937479434887	0.0781293833761283
517	1.77794364660672	0.0780098363909177
518	1.77651592276299	0.0778900677587018
519	1.77509163981413	0.077770089881865
520	1.77367081418104	0.0776499149145009
521	1.7722534617196	0.0775295547661135
522	1.77083959773096	0.0774090211052952
523	1.76942923697171	0.0772883253633805
524	1.76802239366383	0.0771674787380746
525	1.76661908150452	0.0770464921970548
526	1.76521931367585	0.0769253764815453
527	1.76382310285417	0.0768041421098625
528	1.76243046121952	0.0766827993809311
529	1.76104140046472	0.0765613583777699
530	1.75965593180441	0.0764398289709462
531	1.7582740659839	0.0763182208219985
532	1.75689581328787	0.076196543386826
533	1.75552118354894	0.076074805919046
534	1.7541501861561	0.0759530174733159
535	1.75278283006299	0.0758311869086221
536	1.75141912379602	0.075709322891534
537	1.75005907546239	0.0755874338994219
538	1.74870269275799	0.0754655282236402
539	1.74734998297512	0.0753436139726741
540	1.74600095301011	0.0752216990752504
541	1.74465560937083	0.0750997912834117
542	1.74331395818401	0.0749778981755537
543	1.74197600520257	0.0748560271594262
544	1.74064175581267	0.0747341854750959
545	1.73931121504074	0.0746123801978738
546	1.73798438756042	0.0744906182412034
547	1.73666127769927	0.0743689063595136
548	1.73534188944551	0.0742472511510325
549	1.73402622645451	0.0741256590605656
550	1.7327142920553	0.074004136382235
551	1.7314060892569	0.0738826892621829
552	1.73010162075454	0.0737613237012376
553	1.72880088893583	0.0736400455575413
554	1.72750389588678	0.073518860549143
555	1.72621064339774	0.0733977742565529
556	1.72492113296924	0.0732767921252613
557	1.72363536581777	0.0731559194682204
558	1.72235334288137	0.0730351614682901
559	1.72107506482523	0.072914523180648
560	1.71980053204714	0.072794009535163
561	1.7185297446829	0.072673625338734
562	1.71726270261153	0.0725533752775928
563	1.71599940546057	0.0724332639195722
564	1.71473985261111	0.0723132957163389
565	1.71348404320286	0.0721934750055924
566	1.71223197613911	0.0720738060132292
567	1.71098365009155	0.0719542928554734
568	1.70973906350509	0.0718349395409736
569	1.70849821460256	0.0717157499728663
570	1.70726110138933	0.0715967279508062
571	1.70602772165785	0.0714778771729646
572	1.70479807299215	0.0713592012379945
573	1.70357215277223	0.071240703646964
574	1.70234995817836	0.0711223878052588
575	1.70113148619539	0.0710042570244518
576	1.69991673361687	0.0708863145241436
577	1.69870569704922	0.0707685634337708
578	1.69749837291575	0.0706510067943853
579	1.69629475746061	0.0705336475604024
580	1.69509484675277	0.0704164886013208
581	1.69389863668978	0.0702995327034125
582	1.69270612300162	0.0701827825713838
583	1.6915173012544	0.0700662408300087
584	1.69033216685396	0.0699499100257334
585	1.68915071504956	0.0698337926282535
586	1.68797294093732	0.0697178910320636
587	1.68679883946375	0.0696022075579803
588	1.68562840542912	0.0694867444546383
589	1.68446163349087	0.0693715038999602
590	1.68329851816685	0.0692564880026007
591	1.6821390538386	0.069141698803365
592	1.68098323475452	0.069027138276602
593	1.67983105503302	0.0689128083315733
594	1.67868250866555	0.0687987108137969
595	1.67753758951971	0.0686848475063674
596	1.67639629134215	0.068571220131252
597	1.67525860776151	0.0684578303505641
598	1.67412453229132	0.0683446797678122
599	1.67299405833279	0.068231769929128
600	1.67186717917763	0.0681191023244707
601	1.6707438880107	0.0680066783888101
602	1.66962417791277	0.0678944995032875
603	1.66850804186311	0.067782566996356
604	1.66739547274208	0.0676708821448991
605	1.66628646333368	0.0675594461753291
606	1.66518100632804	0.0674482602646649
607	1.6640790943239	0.0673373255415897
608	1.66298071983097	0.0672266430874896
609	1.66188587527235	0.0671162139374725
610	1.66079455298683	0.0670060390813672
611	1.65970674523119	0.0668961194647052
612	1.65862244418241	0.066786455989683
613	1.65754164193995	0.0666770495161066
614	1.65646433052785	0.0665679008623182
615	1.65539050189686	0.0664590108061053
616	1.65432014792658	0.0663503800855925
617	1.65325326042748	0.0662420094001166
618	1.65218983114292	0.0661338994110848
619	1.65112985175114	0.0660260507428164
620	1.65007331386718	0.065918463983369
621	1.64902020904484	0.0658111396853481
622	1.64797052877849	0.0657040783667016
623	1.64692426450499	0.0655972805114989
624	1.64588140760542	0.0654907465706952
625	1.64484194940692	0.0653844769628806
626	1.6438058811844	0.0652784720750148
627	1.64277319416227	0.0651727322631481
628	1.64174387951609	0.0650672578531277
629	1.64071792837427	0.0649620491412905
630	1.63969533181965	0.0648571063951426
631	1.63867608089111	0.064752429854025
632	1.63766016658512	0.064648019729767
633	1.63664757985728	0.0645438762073262
634	1.63563831162384	0.0644399994454161
635	1.63463235276312	0.0643363895771215
636	1.63362969411705	0.0642330467105014
637	1.6326303264925	0.0641299709291806
638	1.63163424066274	0.0640271622929289
639	1.63064142736879	0.0639246208382294
640	1.62965187732073	0.0638223465788353
641	1.62866558119908	0.0637203395063154
642	1.62768252965606	0.063618599590589
643	1.62670271331684	0.0635171267804504
644	1.62572612278083	0.0634159210040824
645	1.62475274862288	0.0633149821695595
646	1.62378258139446	0.0632143101653419
647	1.62281561162488	0.0631139048607582
648	1.62185182982239	0.0630137661064797
649	1.62089122647535	0.0629138937349844
650	1.61993379205333	0.0628142875610116
651	1.6189795170082	0.062714947382008
652	1.61802839177517	0.062615872978564
653	1.61708040677389	0.0625170641148415
654	1.6161355524094	0.0624185205389933
655	1.61519381907322	0.0623202419835731
656	1.61425519714428	0.0622222281659383
657	1.6133196769899	0.0621244787886438
658	1.61238724896673	0.0620269935398278
659	1.61145790342171	0.06192977209359
660	1.61053163069294	0.0618328141103621
661	1.6096084211106	0.0617361192372703
662	1.60868826499781	0.0616396871084907
663	1.60777115267148	0.0615435173455972
664	1.6068570744432	0.061447609557902
665	1.60594602061997	0.0613519633427902
666	1.60503798150511	0.0612565782860455
667	1.60413294739896	0.0611614539621713
668	1.60323090859973	0.0610665899347034
669	1.60233185540418	0.0609719857565173
670	1.60143577810845	0.0608776409701286
671	1.6005426670087	0.0607835551079874
672	1.59965251240188	0.0606897276927661
673	1.59876530458641	0.0605961582376419
674	1.59788103386286	0.0605028462465725
675	1.5969996905346	0.060409791214567
676	1.59612126490852	0.0603169926279502
677	1.59524574729557	0.0602244499646217
678	1.59437312801149	0.06013216269431
679	1.59350339737733	0.0600401302788203
680	1.59263654572012	0.0599483521722778
681	1.59177256337343	0.0598568278213653
682	1.59091144067794	0.0597655566655564
683	1.59005316798201	0.0596745381373433
684	1.58919773564224	0.0595837716624594
685	1.58834513402398	0.059493256660098
686	1.58749535350188	0.0594029925431258
687	1.58664838446039	0.0593129787182917
688	1.58580421729429	0.0592232145864314
689	1.58496284240913	0.0591336995426676
690	1.58412425022178	0.0590444329766057
691	1.58328843116084	0.0589554142725253
692	1.58245537566711	0.0588666428095679
693	1.58162507419408	0.0587781179619198
694	1.58079751720832	0.0586898390989918
695	1.57997269518993	0.0586018055855945
696	1.57915059863297	0.05851401678211
697	1.57833121804582	0.0584264720446599
698	1.57751454395166	0.0583391707252691
699	1.57670056688877	0.0582521121720268
700	1.57588927741098	0.0581652957292433
701	1.57508066608801	0.0580787207376037
702	1.57427472350582	0.057992386534318
703	1.57347144026701	0.0579062924532682
704	1.57267080699111	0.0578204378251515
705	1.57187281431494	0.057734821977621
706	1.57107745289298	0.0576494442354229
707	1.57028471339759	0.0575643039205307
708	1.56949458651943	0.0574794003522764
709	1.56870706296769	0.0573947328474787
710	1.56792213347042	0.0573103007205683
711	1.56713978877481	0.0572261032837105
712	1.56636001964747	0.0571421398469249
713	1.5655828168747	0.0570584097182026
714	1.56480817126277	0.0569749122036201
715	1.56403607363817	0.0568916466074515
716	1.56326651484785	0.0568086122322776
717	1.56249948575951	0.0567258083790921
718	1.56173497726177	0.0566432343474066
719	1.56097298026446	0.0565608894353518
720	1.56021348569884	0.0564787729397773
721	1.55945648451777	0.0563968841563482
722	1.558701967696	0.0563152223796409
723	1.55794992623029	0.0562337869032347
724	1.5572003511397	0.056152577019803
725	1.55645323346572	0.0560715920212015
726	1.55570856427248	0.0559908311985542
727	1.55496633464695	0.055910293842338
728	1.5542265356991	0.0558299792424645
729	1.55348915856205	0.0557498866883605
730	1.5527541943923	0.0556700154690463
731	1.55202163436983	0.0555903648732123
732	1.55129146969831	0.0555109341892931
733	1.55056369160518	0.0554317227055408
734	1.54983829134188	0.0553527297100958
735	1.54911526018393	0.0552739544910562
736	1.54839458943111	0.0551953963365452
737	1.54767627040754	0.0551170545347769
738	1.54696029446186	0.0550389283741214
739	1.54624665296733	0.0549610171431663
740	1.54553533732195	0.0548833201307788
741	1.54482633894857	0.054805836626165
742	1.54411964929501	0.0547285659189276
743	1.54341525983414	0.0546515072991233
744	1.54271316206403	0.0545746600573174
745	1.54201334750801	0.0544980234846376
746	1.54131580771475	0.0544215968728269
747	1.54062053425841	0.054345379514294
748	1.53992751873865	0.0542693707021638
749	1.53923675278077	0.0541935697303249
750	1.53854822803577	0.0541179758934776
751	1.5378619361804	0.0540425884871793
752	1.53717786891728	0.0539674068078897
753	1.53649601797493	0.0538924301530137
754	1.53581637510784	0.0538176578209441
755	1.53513893209653	0.053743089111103
756	1.53446368074764	0.0536687233239815
757	1.53379061289392	0.0535945597611789
758	1.53311972039435	0.0535205977254406
759	1.53245099513415	0.0534468365206948
760	1.53178442902482	0.0533732754520889
761	1.5311200140042	0.0532999138260234
762	1.53045774203651	0.0532267509501869
763	1.52979760511236	0.0531537861335881
764	1.52913959524883	0.0530810186865879
765	1.52848370448945	0.0530084479209308
766	1.52782992490426	0.0529360731497748
767	1.52717824858984	0.0528638936877206
768	1.52652866766929	0.0527919088508399
769	1.52588117429231	0.0527201179567032
770	1.52523576063518	0.0526485203244062
771	1.52459241890077	0.052577115274596
772	1.52395114131858	0.0525059021294956
773	1.52331192014473	0.0524348802129291
774	1.52267474766197	0.0523640488503444
775	1.52203961617972	0.0522934073688366
776	1.52140651803402	0.0522229550971696
777	1.52077544558755	0.0521526913657979
778	1.52014639122966	0.0520826155068869
779	1.51951934737635	0.0520127268543333
780	1.51889430647022	0.0519430247437839
781	1.51827126098055	0.0518735085126547
782	1.51765020340322	0.0518041775001487
783	1.51703112626073	0.0517350310472733
784	1.5164140221022	0.0516660684968573
785	1.51579888350333	0.0515972891935668
786	1.51518570306637	0.0515286924839209
787	1.51457447342018	0.0514602777163068
788	1.51396518722011	0.0513920442409943
789	1.51335783714805	0.0513239914101497
790	1.51275241591239	0.0512561185778489
791	1.51214891624799	0.0511884251000907
792	1.51154733091615	0.0511209103348091
793	1.51094765270459	0.0510535736418847
794	1.51034987442743	0.0509864143831566
795	1.50975398892514	0.0509194319224331
796	1.50915998906453	0.0508526256255018
797	1.50856786773871	0.0507859948601401
798	1.50797761786705	0.0507195389961244
799	1.50738923239515	0.0506532574052392
800	1.5068027042948	0.0505871494612858
801	1.50621802656394	0.0505212145400905
802	1.50563519222664	0.0504554520195123
803	1.50505419433304	0.0503898612794506
804	1.5044750259593	0.0503244417018521
805	1.5038976802076	0.0502591926707172
806	1.50332215020603	0.0501941135721069
807	1.50274842910862	0.0501292037941479
808	1.50217651009525	0.0500644627270388
809	1.50160638637158	0.0499998897630551
810	1.50103805116906	0.0499354842965541
811	1.50047149774486	0.0498712457239792
812	1.49990671938179	0.0498071734438647
813	1.4993437093883	0.0497432668568389
814	1.49878246109837	0.0496795253656284
815	1.49822296787152	0.0496159483750611
816	1.49766522309271	0.0495525352920691
817	1.4971092201723	0.0494892855256917
818	1.49655495254599	0.0494261984870775
819	1.4960024136748	0.0493632735894867
820	1.49545159704496	0.0493005102482931
821	1.49490249616786	0.0492379078809858
822	1.49435510458005	0.0491754659071699
823	1.4938094158431	0.0491131837485686
824	1.49326542354362	0.0490510608290234
825	1.49272312129311	0.0489890965744951
826	1.49218250272799	0.0489272904130638
827	1.49164356150947	0.0488656417749297
828	1.49110629132353	0.0488041500924124
829	1.49057068588085	0.0487428147999513
830	1.49003673891671	0.0486816353341047
831	1.48950444419097	0.0486206111335492
832	1.488973795488	0.0485597416390789
833	1.48844478661658	0.0484990262936047
834	1.48791741140989	0.0484384645421523
835	1.48739166372538	0.0483780558318616
836	1.48686753744477	0.0483177996119845
837	1.48634502647392	0.0482576953338833
838	1.48582412474281	0.048197742451029
839	1.48530482620544	0.0481379404189988
840	1.4847871248398	0.0480782886954741
841	1.48427101464775	0.0480187867402381
842	1.48375648965498	0.0479594340151728
843	1.48324354391097	0.0479002299842569
844	1.48273217148884	0.0478411741135625
845	1.48222236648536	0.047782265871252
846	1.48171412302085	0.0477235047275754
847	1.48120743523908	0.0476648901548666
848	1.48070229730724	0.0476064216275401
849	1.48019870341586	0.0475480986220875
850	1.47969664777872	0.0474899206170739
851	1.4791961246328	0.047431887093134
852	1.47869712823818	0.0473739975329682
853	1.47819965287799	0.0473162514213386
854	1.47770369285835	0.0472586482450648
855	1.47720924250824	0.04720118749302
856	1.4767162961795	0.0471438686561262
857	1.4762248482467	0.0470866912273501
858	1.47573489310709	0.0470296547016984
859	1.47524642518052	0.0469727585762133
860	1.47475943890939	0.0469160023499677
861	1.47427392875851	0.0468593855240604
862	1.47378988921512	0.0468029076016112
863	1.47330731478873	0.0467465680877559
864	1.47282620001109	0.0466903664896414
865	1.47234653943609	0.0466343023164204
866	1.47186832763973	0.0465783750792461
867	1.47139155921999	0.0465225842912674
868	1.47091622879678	0.0464669294676227
869	1.47044233101188	0.0464114101254356
870	1.46996986052882	0.0463560257838081
871	1.46949881203285	0.0463007759638163
872	1.46902918023085	0.0462456601885038
873	1.46856095985124	0.0461906779828767
874	1.46809414564391	0.0461358288738976
875	1.46762873238016	0.0460811123904796
876	1.46716471485261	0.0460265280634808
877	1.46670208787511	0.0459720754256982
878	1.4662408462827	0.045917754011862
879	1.46578098493151	0.0458635633586292
880	1.46532249869868	0.045809503004578
881	1.46486538248229	0.0457555724902013
882	1.46440963120129	0.0457017713579009
883	1.46395523979543	0.0456480991519811
884	1.46350220322516	0.0455945554186427
885	1.46305051647155	0.0455411397059767
886	1.46260017453627	0.0454878515639579
887	1.46215117244145	0.0454346905444385
888	1.46170350522962	0.0453816562011421
889	1.46125716796366	0.0453287480896572
890	1.46081215572671	0.0452759657674304
891	1.46036846362206	0.0452233087937606
892	1.45992608677314	0.045170776729792
893	1.45948502032339	0.0451183691385079
894	1.45904525943619	0.0450660855847241
895	1.45860679929483	0.0450139256350823
896	1.45816963510237	0.0449618888580437
897	1.45773376208161	0.0449099748238822
898	1.457299175475	0.0448581831046779
899	1.45686587054456	0.0448065132743106
900	1.4564338425718	0.044754964908453
901	1.45600308685767	0.0447035375845641
902	1.45557359872247	0.0446522308818825
903	1.45514537350575	0.0446010443814197
904	1.45471840656627	0.0445499776659536
905	1.45429269328193	0.0444990303200215
906	1.45386822904965	0.0444482019299137
907	1.45344500928535	0.0443974920836664
908	1.45302302942383	0.0443469003710552
909	1.45260228491871	0.0442964263835885
910	1.45218277124239	0.0442460697145003
911	1.45176448388592	0.0441958299587439
912	1.45134741835895	0.0441457067129848
913	1.45093157018968	0.0440956995755944
914	1.45051693492474	0.0440458081466424
915	1.45010350812916	0.043996032027891
916	1.44969128538627	0.0439463708227874
917	1.44928026229762	0.0438968241364574
918	1.44887043448295	0.0438473915756985
919	1.44846179758005	0.0437980727489731
920	1.44805434724476	0.0437488672664018
921	1.44764807915085	0.0436997747397565
922	1.44724298898993	0.0436507947824539
923	1.44683907247146	0.0436019270095483
924	1.44643632532258	0.0435531710377254
925	1.4460347432881	0.0435045264852949
926	1.44563432213042	0.0434559929721842
927	1.44523505762941	0.0434075701199318
928	1.44483694558243	0.0433592575516798
929	1.44443998180416	0.043311054892168
930	1.44404416212661	0.0432629617677266
931	1.44364948239898	0.04321497780627
932	1.44325593848764	0.0431671026372895
933	1.44286352627604	0.043119335891847
934	1.44247224166464	0.0430716772025682
935	1.44208208057084	0.0430241262036358
936	1.44169303892892	0.0429766825307832
937	1.44130511268994	0.0429293458212873
938	1.4409182978217	0.0428821157139622
939	1.44053259030866	0.0428349918491525
940	1.44014798615188	0.0427879738687267
941	1.43976448136894	0.0427410614160706
942	1.43938207199386	0.0426942541360804
943	1.43900075407706	0.0426475516751565
944	1.43862052368527	0.0426009536811969
945	1.43824137690146	0.0425544598035903
946	1.43786330982479	0.0425080696932098
947	1.43748631857053	0.0424617830024065
948	1.43711039927	0.0424155993850027
949	1.43673554807047	0.0423695184962854
950	1.43636176113514	0.0423235399930002
951	1.43598903464305	0.0422776635333443
952	1.43561736478902	0.0422318887769606
953	1.43524674778356	0.0421862153849307
954	1.43487717985283	0.0421406430197689
955	1.43450865723856	0.0420951713454155
956	1.43414117619801	0.0420498000272309
957	1.43377473300386	0.0420045287319884
958	1.43340932394416	0.0419593571278689
959	1.43304494532231	0.0419142848844536
960	1.43268159345691	0.0418693116727183
961	1.43231926468177	0.0418244371650268
962	1.43195795534581	0.0417796610351248
963	1.431597661813	0.0417349829581336
964	1.43123838046231	0.0416904026105439
965	1.4308801076876	0.0416459196702092
966	1.43052283989762	0.0416015338163404
967	1.43016657351592	0.0415572447294987
968	1.42981130498075	0.0415130520915902
969	1.42945703074505	0.0414689555858594
970	1.42910374727638	0.0414249548968829
971	1.4287514510568	0.0413810497105637
972	1.42840013858289	0.0413372397141251
973	1.42804980636564	0.0412935245961041
974	1.42770045093038	0.0412499040463462
975	1.42735206881674	0.0412063777559987
976	1.4270046565786	0.0411629454175049
977	1.42665821078397	0.0411196067245984
978	1.42631272801502	0.0410763613722966
979	1.42596820486793	0.0410332090568955
980	1.42562463795287	0.040990149475963
981	1.42528202389397	0.0409471823283337
982	1.42494035932918	0.0409043073141026
983	1.42459964091028	0.0408615241346193
984	1.42425986530281	0.0408188324924824
985	1.42392102918597	0.0407762320915336
986	1.42358312925259	0.0407337226368518
987	1.42324616220908	0.0406913038347475
988	1.42291012477536	0.0406489753927569
989	1.42257501368478	0.0406067370196364
990	1.4222408256841	0.0405645884253568
991	1.4219075575334	0.0405225293210976
992	1.42157520600605	0.0404805594192413
993	1.42124376788862	0.040438678433368
994	1.42091323998084	0.0403968860782496
995	1.42058361909556	0.0403551820698445
996	1.42025490205866	0.0403135661252915
997	1.41992708570899	0.0402720379629048
998	1.41960016689837	0.0402305973021683
999	1.41927414249146	0.0401892438637301
1000	1.41894900936575	0.040147977369397
