330	2.5039447241589	0.0250157086324014
331	2.50096145566203	0.0249726625447446
332	2.49799739484194	0.0249283808795787
333	2.49505240344411	0.0248829064000644
334	2.4921263442186	0.0248362811039624
335	2.48921908091924	0.0247885462160168
336	2.48633047830168	0.0247397421818306
337	2.48346040212073	0.0246899086631579
338	2.48060871912676	0.0246390845345366
339	2.4777752970615	0.0245873078811886
340	2.47496000465321	0.0245346159981157
341	2.47216271161123	0.0244810453903217
342	2.46938328862014	0.0244266317740913
343	2.46662160733343	0.0243714100792625
344	2.46387754036685	0.0243154144524247
345	2.46115096129143	0.0242586782609849
346	2.45844174462624	0.0242012340980389
347	2.45574976583093	0.0241431137879917
348	2.45307490129811	0.0240843483928714
349	2.45041702834559	0.0240249682192828
350	2.44777602520845	0.0239650028259506
351	2.44515177103113	0.0239044810318025
352	2.4425441458594	0.0238434309245458
353	2.43995303063233	0.0237818798696925
354	2.43737830717425	0.0237198545199905
355	2.43481985818673	0.0236573808252209
356	2.43227756724059	0.0235944840423208
357	2.42975131876796	0.023531188745798
358	2.42724099805439	0.0234675188383999
359	2.42474649123106	0.0234034975620059
360	2.42226768526706	0.0233391475087102
361	2.41980446796173	0.0232744906320678
362	2.41735672793717	0.0232095482584745
363	2.41492435463079	0.0231443410986551
364	2.41250723828802	0.0230788892592355
365	2.41010526995509	0.0230132122543763
366	2.40771834147195	0.0229473290174455
367	2.40534634546536	0.02288125791271
368	2.40298917534197	0.0228150167470293
369	2.4006467252817	0.0227486227815306
370	2.39831889023109	0.0226820927432521
371	2.39600556589683	0.0226154428367377
372	2.39370664873946	0.0225486887555702
373	2.39142203596713	0.0224818456938288
374	2.38915162552948	0.022414928357461
375	2.38689531611165	0.0223479509755567
376	2.38465300712847	0.0222809273115145
377	2.38242459871862	0.022213870674092
378	2.38020999173905	0.022146793928332
379	2.37800908775942	0.0220797095063552
380	2.37582178905665	0.022012629418016
381	2.37364799860964	0.0219455652614124
382	2.37148762009397	0.0218785282332464
383	2.36934055787684	0.0218115291390294
384	2.36720671701196	0.0217445784031294
385	2.36508600323465	0.0216776860786555
386	2.36297832295693	0.0216108618571772
387	2.36088358326279	0.0215441150782755
388	2.35880169190341	0.0214774547389246
389	2.35673255729263	0.0214108895027017
390	2.35467608850231	0.0213444277088234
391	2.35263219525789	0.0212780773810095
392	2.35060078793396	0.0212118462361709
393	2.34858177754994	0.0211457416929244
394	2.34657507576573	0.0210797708799317
395	2.34458059487756	0.0210139406440648
396	2.34259824781373	0.0209482575583979
397	2.34062794813056	0.0208827279300256
398	2.33866961000828	0.0208173578077107
399	2.33672314824701	0.0207521529893596
400	2.33478847826281	0.0206871190293303
401	2.33286551608373	0.0206222612455713
402	2.33095417834592	0.0205575847265953
403	2.32905438228978	0.0204930943382886
404	2.32716604575615	0.0204287947305586
405	2.32528908718253	0.0203646903438206
406	2.32342342559935	0.0203007854153271
407	2.32156898062622	0.0202370839853418
408	2.31972567246831	0.0201735899031591
409	2.31789342191263	0.0201103068329741
410	2.31607215032445	0.0200472382596026
411	2.31426177964368	0.0199843874940563
412	2.31246223238132	0.0199217576789736
413	2.31067343161587	0.0198593517939102
414	2.30889530098982	0.0197971726604903
415	2.30712776470615	0.0197352229474234
416	2.30537074752483	0.019673505175387
417	2.30362417475934	0.0196120217217788
418	2.30188797227324	0.0195507748253418
419	2.30016206647671	0.019489766590663
420	2.29844638432317	0.0194289989925508
421	2.29674085330582	0.0193684738802915
422	2.29504540145431	0.0193081929817882
423	2.29335995733131	0.0192481579075863
424	2.29168445002921	0.0191883701547846
425	2.29001880916672	0.0191288311108391
426	2.28836296488557	0.0190695420572573
427	2.28671684784716	0.0190105041731897
428	2.28508038922929	0.0189517185389181
429	2.2834535207228	0.018893186139244
430	2.28183617452835	0.0188349078667804
431	2.28022828335311	0.0187768845251479
432	2.27862978040747	0.018719116832078
433	2.27704059940184	0.0186616054224269
434	2.27546067454335	0.0186043508511004
435	2.27388994053267	0.0185473535958927
436	2.27232833256073	0.0184906140602424
437	2.27077578630554	0.0184341325759063
438	2.26923223792897	0.0183779094055535
439	2.26769762407355	0.0183219447452829
440	2.26617188185933	0.0182662387270644
441	2.26465494888061	0.0182107914211075
442	2.26314676320287	0.018155602838158
443	2.26164726335955	0.0181006729317253
444	2.26015638834894	0.018046001600242
445	2.258674077631	0.0179915886891578
446	2.25720027112428	0.0179374339929689
447	2.25573490920276	0.0178835372571861
448	2.25427793269279	0.0178298981802409
449	2.25282928286991	0.0177765164153338
450	2.25138890145586	0.0177233915722251
451	2.24995673061543	0.0176705232189692
452	2.24853271295342	0.0176179108835962
453	2.24711679151157	0.0175655540557396
454	2.24570890976553	0.017513452188213
455	2.24430901162181	0.0174616046985384
456	2.24291704141475	0.0174100109704244
457	2.24153294390352	0.0173586703551987
458	2.24015666426909	0.0173075821731948
459	2.23878814811128	0.0172567457150941
460	2.23742734144573	0.0172061602432254
461	2.23607419070096	0.0171558249928227
462	2.23472864271539	0.017105739173242
463	2.23339064473441	0.0170559019691393
464	2.23206014440746	0.0170063125416101
465	2.23073708978505	0.016956970029292
466	2.2294214293159	0.0169078735494308
467	2.22811311184404	0.0168590221989129
468	2.22681208660587	0.016810415055262
469	2.22551830322735	0.0167620511776045
470	2.22423171172111	0.0167139296076023
471	2.2229522624836	0.0166660493703546
472	2.22167990629224	0.0166184094752696
473	2.22041459430264	0.0165710089169073
474	2.21915627804575	0.0165238466757941
475	2.21790490942506	0.0164769217192096
476	2.21666044071387	0.016430233001947
477	2.21542282455245	0.0163837794670477
478	2.21419201394534	0.0163375600465109
479	2.21296796225857	0.0162915736619791
480	2.21175062321697	0.0162458192253993
481	2.2105399509014	0.016200295639663
482	2.20933589974612	0.0161550017992219
483	2.20813842453603	0.0161099365906842
484	2.20694748040406	0.0160650988933891
485	2.20576302282848	0.0160204875799611
486	2.20458500763025	0.015976101516845
487	2.20341339097044	0.0159319395648224
488	2.20224812934755	0.0158880005795089
489	2.20108917959494	0.0158442834118344
490	2.19993649887827	0.0158007869085061
491	2.19879004469289	0.0157575099124538
492	2.19764977486131	0.0157144512632608
493	2.19651564753064	0.0156716097975772
494	2.1953876211701	0.0156289843495199
495	2.19426565456846	0.0155865737510562
496	2.19314970683159	0.0155443768323745
497	2.19203973737995	0.0155023924222404
498	2.19093570594614	0.0154606193483398
499	2.18983757257247	0.015419056437609
500	2.18874529760846	0.015377702516552
501	2.1876588417085	0.0153365564115464
502	2.1865781658294	0.0152956169491368
503	2.18550323122799	0.0152548829563171
504	2.18443399945882	0.0152143532608016
505	2.18337043237169	0.0151740266912863
506	2.18231249210941	0.0151339020776986
507	2.18126014110541	0.0150939782514378
508	2.18021334208147	0.015054254045606
509	2.17917205804538	0.0150147282952293
510	2.1781362522887	0.0149753998374697
511	2.17710588838446	0.0149362675118294
512	2.17608093018495	0.0148973301603451
513	2.17506134181943	0.0148585866277751
514	2.17404708769197	0.0148200357617783
515	2.17303813247921	0.0147816764130854
516	2.17203444112816	0.0147435074356623
517	2.17103597885407	0.0147055276868673
518	2.17004271113823	0.0146677360276004
519	2.16905460372585	0.0146301313224462
520	2.16807162262393	0.0145927124398106
521	2.16709373409914	0.0145554782520506
522	2.16612090467573	0.0145184276355989
523	2.16515310113342	0.0144815594710815
524	2.16419029050539	0.0144448726434305
525	2.16323244007617	0.0144083660419914
526	2.16227951737963	0.0143720385606245
527	2.16133149019696	0.0143358890978015
528	2.16038832655466	0.0142999165566973
529	2.15944999472253	0.014264119845277
530	2.15851646321172	0.0142284978763777
531	2.15758770077275	0.0141930495677868
532	2.15666367639357	0.014157773842315
533	2.15574435929762	0.0141226696278659
534	2.15482971894189	0.0140877358575012
535	2.15391972501509	0.014052971469502
536	2.15301434743566	0.0140183754074264
537	2.15211355634998	0.0139839466201638
538	2.15121732213046	0.013949684061985
539	2.15032561537369	0.0139155866925896
540	2.14943840689866	0.0138816534771498
541	2.14855566774489	0.0138478833863512
542	2.14767736917063	0.0138142753964302
543	2.1468034826511	0.0137808284892094
544	2.1459339798767	0.0137475416521289
545	2.14506883275124	0.013714413878276
546	2.1442080133902	0.0136814441664117
547	2.14335149411898	0.0136486315209947
548	2.14249924747122	0.013615974952203
549	2.14165124618705	0.0135834734759536
550	2.14080746321141	0.0135511261139191
551	2.13996787169238	0.0135189318935429
552	2.13913244497952	0.0134868898480519
553	2.13830115662218	0.0134549990164671
554	2.1374739803679	0.0134232584436128
555	2.13665089016078	0.013391667180123
556	2.13583186013984	0.0133602242824472
557	2.13501686463743	0.0133289288128532
558	2.13420587817767	0.0132977798394295
559	2.13339887547484	0.0132667764360848
560	2.13259583143184	0.0132359176825472
561	2.13179672113863	0.0132052026643609
562	2.13100151987071	0.0131746304728822
563	2.13021020308757	0.0131442002052738
564	2.1294227464312	0.013113910964498
565	2.12863912572459	0.013083761859308
566	2.12785931697025	0.0130537520042391
567	2.12708329634871	0.0130238805195978
568	2.12631104021708	0.0129941465314503
569	2.1255425251076	0.0129645491716095
570	2.1247777277262	0.0129350875776217
571	2.12401662495106	0.0129057608927514
572	2.12325919383122	0.012876568265966
573	2.12250541158517	0.0128475088519191
574	2.12175525559946	0.0128185818109333
575	2.1210087034273	0.0127897863089816
576	2.12026573278723	0.0127611215176689
577	2.11952632156176	0.012732586614212
578	2.11879044779597	0.012704180781419
579	2.11805808969626	0.0126759032076688
580	2.11732922562898	0.0126477530868888
581	2.11660383411911	0.0126197296185326
582	2.11588189384899	0.0125918320075574
583	2.11516338365704	0.0125640594644001
584	2.11444828253643	0.0125364112049536
585	2.11373656963386	0.0125088864505423
586	2.11302822424831	0.0124814844278967
587	2.11232322582974	0.0124542043691285
588	2.11162155397792	0.0124270455117043
589	2.11092318844116	0.0124000070984198
590	2.11022810911513	0.0123730883773728
591	2.1095362960416	0.0123462886019363
592	2.10884772940734	0.0123196070307315
593	2.10816238954285	0.0122930429275996
594	2.10748025692123	0.0122665955615745
595	2.10680131215699	0.0122402642068541
596	2.10612553600494	0.0122140481427723
597	2.10545290935902	0.0121879466537699
598	2.10478341325114	0.012161959029366
599	2.10411702885011	0.0121360845641288
600	2.1034537374605	0.0121103225576464
601	2.10279352052153	0.0120846723144971
602	2.10213635960597	0.0120591331442198
603	2.10148223641909	0.0120337043612848
604	2.10083113279754	0.0120083852850629
605	2.10018303070832	0.0119831752397965
606	2.09953791224768	0.0119580735545685
607	2.09889575964011	0.0119330795632728
608	2.09825655523731	0.0119081926045836
609	2.09762028151708	0.0118834120219253
610	2.09698692108242	0.0118587371634419
611	2.0963564566604	0.0118341673819667
612	2.09572887110122	0.0118097020349919
613	2.09510414737722	0.0117853404846374
614	2.09448226858186	0.0117610820976214
615	2.09386321792876	0.011736926245229
616	2.09324697875071	0.0117128723032816
617	2.09263353449874	0.0116889196521072
618	2.09202286874115	0.0116650676765091
619	2.09141496516256	0.0116413157657355
620	2.09080980756299	0.0116176633134495
621	2.0902073798569	0.0115941097176982
622	2.08960766607231	0.0115706543808825
623	2.08901065034984	0.011547296709727
624	2.08841631694187	0.0115240361152493
625	2.08782465021156	0.0115008720127301
626	2.08723563463203	0.011477803821683
627	2.08664925478546	0.0114548309658245
628	2.08606549536218	0.0114319528730441
629	2.08548434115986	0.0114091689753739
630	2.08490577708261	0.0113864787089598
631	2.08432978814014	0.0113638815140307
632	2.08375635944693	0.0113413768348698
633	2.08318547622136	0.0113189641197845
634	2.08261712378491	0.0112966428210775
635	2.08205128756134	0.011274412395017
636	2.08148795307586	0.0112522723018083
637	2.0809271059543	0.0112302220055638
638	2.08036873192236	0.011208260974275
639	2.07981281680478	0.0111863886797831
640	2.07925934652456	0.0111646045977508
641	2.07870830710219	0.0111429082076334
642	2.07815968465484	0.0111212989926506
643	2.07761346539565	0.0110997764397582
644	2.07706963563293	0.0110783400396202
645	2.07652818176941	0.0110569892865804
646	2.07598909030149	0.011035723678635
647	2.07545234781852	0.0110145427174047
648	2.07491794100205	0.0109934459081072
649	2.07438585662509	0.0109724327595299
650	2.07385608155141	0.0109515027840026
651	2.07332860273483	0.0109306554973704
652	2.07280340721846	0.010909890418967
653	2.07228048213406	0.0108892070715875
654	2.07175981470131	0.0108686049814623
655	2.07124139222713	0.0108480836782302
656	2.07072520210495	0.0108276426949124
657	2.07021123181412	0.0108072815678864
658	2.06969946891916	0.0107869998368599
659	2.0691899010691	0.0107667970448447
660	2.06868251599687	0.0107466727381318
661	2.06817730151857	0.0107266264662653
662	2.0676742455329	0.0107066577820172
663	2.06717333602043	0.0106867662413625
664	2.06667456104303	0.010666951403454
665	2.0661779087432	0.0106472128305974
666	2.06568336734344	0.0106275500882269
667	2.06519092514566	0.0106079627448805
668	2.06470057053051	0.0105884503721758
669	2.06421229195683	0.0105690125447858
670	2.06372607796096	0.010549648840415
671	2.06324191715624	0.0105303588397752
672	2.06275979823232	0.0105111421265626
673	2.06227970995463	0.0104919982874333
674	2.06180164116376	0.010472926911981
675	2.06132558077489	0.0104539275927132
676	2.06085151777722	0.0104349999250282
677	2.06037944123337	0.0104161435071928
678	2.05990934027886	0.010397357940319
679	2.05944120412151	0.0103786428283418
680	2.05897502204089	0.0103599977779973
681	2.05851078338778	0.0103414223987995
682	2.0580484775836	0.0103229163030194
683	2.0575880941199	0.0103044791056624
684	2.05712962255778	0.0102861104244472
685	2.05667305252739	0.0102678098797836
686	2.05621837372741	0.0102495770947518
687	2.05576557592445	0.0102314116950811
688	2.05531464895265	0.0102133133091285
689	2.05486558271304	0.0101952815678582
690	2.05441836717312	0.0101773161048208
691	2.0539729923663	0.0101594165561328
692	2.05352944839144	0.010141582560456
693	2.05308772541231	0.0101238137589777
694	2.05264781365711	0.01010610979539
695	2.05220970341799	0.0100884703158708
696	2.05177338505056	0.010070894969063
697	2.0513388489734	0.0100533834060557
698	2.05090608566758	0.0100359352803644
699	2.05047508567621	0.0100185502479119
700	2.05004583960394	0.0100012279670089
701	2.04961833811651	0.0099839680983352
702	2.0491925719403	0.00996677030492091
703	2.04876853186183	0.00994963425212765
704	2.04834620872735	0.00993255960763005
705	2.04792559344238	0.00991554604139743
706	2.04750667697125	0.00989859322567548
707	2.04708945033666	0.00988170083496822
708	2.04667390461925	0.00986486854602009
709	2.04626003095715	0.00984809603779806
710	2.04584782054558	0.00983138299147409
711	2.04543726463638	0.00981472909040755
712	2.04502835453761	0.00979813402012789
713	2.04462108161313	0.00978159746831742
714	2.04421543728218	0.00976511912479419
715	2.04381141301895	0.0097486986814951
716	2.0434090003522	0.0097323358324591
717	2.04300819086482	0.00971603027381049
718	2.04260897619345	0.00969978170374241
719	2.04221134802808	0.00968358982250048
720	2.04181529811164	0.00966745433236653
721	2.04142081823961	0.00965137493764243
722	2.04102790025963	0.00963535134463423
723	2.04063653607113	0.00961938326163619
724	2.04024671762491	0.00960347039891512
725	2.03985843692279	0.00958761246869476
726	2.03947168601723	0.00957180918514038
727	2.03908645701095	0.0095560602643434
728	2.03870274205654	0.00954036542430618
729	2.03832053335613	0.009524724384927
730	2.037939823161	0.00950913686798508
731	2.03756060377122	0.00949360259712574
732	2.03718286753528	0.00947812129784576
733	2.03680660684978	0.00946269269747874
734	2.03643181415903	0.00944731652518071
735	2.0360584819547	0.00943199251191575
736	2.0356866027755	0.00941672039044182
737	2.03531616920684	0.00940149989529664
738	2.03494717388044	0.00938633076278375
739	2.03457960947404	0.00937121273095864
740	2.03421346871106	0.00935614553961502
741	2.03384874436022	0.00934112893027118
742	2.03348542923528	0.00932616264615654
743	2.03312351619466	0.0093112464321982
744	2.03276299814111	0.00929638003500771
745	2.03240386802145	0.00928156320286788
746	2.03204611882618	0.00926679568571974
747	2.0316897435892	0.00925207723514959
748	2.03133473538748	0.00923740760437619
749	2.03098108734078	0.00922278654823799
750	2.03062879261127	0.00920821382318058
751	2.03027784440332	0.00919368918724415
752	2.02992823596312	0.00917921240005107
753	2.02957996057839	0.00916478322279362
754	2.02923301157812	0.00915040141822182
755	2.02888738233223	0.00913606675063127
756	2.0285430662513	0.00912177898585126
757	2.02820005678626	0.00910753789123282
758	2.02785834742813	0.00909334323563694
759	2.02751793170769	0.00907919478942294
760	2.02717880319524	0.00906509232443685
761	2.02684095550026	0.0090510356139999
762	2.02650438227121	0.00903702443289723
763	2.02616907719517	0.00902305855736648
764	2.02583503399763	0.0090091377650867
765	2.02550224644215	0.00899526183516718
766	2.02517070833015	0.00898143054813651
767	2.02484041350063	0.00896764368593163
768	2.02451135582985	0.00895390103188701
769	2.02418352923113	0.00894020237072396
770	2.02385692765456	0.00892654748853997
771	2.02353154508672	0.00891293617279819
772	2.02320737555048	0.00889936821231695
773	2.02288441310467	0.00888584339725943
774	2.02256265184386	0.00887236151912335
775	2.02224208589814	0.00885892237073082
776	2.0219227094328	0.00884552574621822
777	2.02160451664815	0.00883217144102617
778	2.02128750177922	0.00881885925188963
779	2.02097165909555	0.00880558897682805
780	2.02065698290093	0.00879236041513558
781	2.02034346753317	0.00877917336737144
782	2.02003110736385	0.00876602763535026
783	2.0197198967981	0.00875292302213265
784	2.01940983027434	0.00873985933201568
785	2.01910090226407	0.0087268363705236
786	2.01879310727164	0.0087138539443985
787	2.01848643983399	0.00870091186159116
788	2.01818089452046	0.00868800993125193
789	2.01787646593254	0.00867514796372167
790	2.01757314870366	0.00866232577052281
791	2.01727093749895	0.00864954316435042
792	2.01696982701505	0.00863679995906348
793	2.01666981197985	0.00862409596967603
794	2.01637088715233	0.00861143101234861
795	2.01607304732226	0.00859880490437962
796	2.01577628731009	0.0085862174641968
797	2.01548060196665	0.00857366851134881
798	2.01518598617299	0.00856115786649684
799	2.01489243484016	0.00854868535140629
800	2.01459994290898	0.00853625078893859
801	2.01430850534987	0.00852385400304297
802	2.01401811716263	0.00851149481874843
803	2.01372877337624	0.00849917306215565
804	2.01344046904866	0.00848688856042909
805	2.01315319926661	0.00847464114178907
806	2.01286695914542	0.00846243063550393
807	2.01258174382879	0.00845025687188232
808	2.01229754848861	0.00843811968226543
809	2.01201436832478	0.00842601889901947
810	2.011732198565	0.00841395435552796
811	2.0114510344646	0.0084019258861844
812	2.01117087130631	0.00838993332638467
813	2.01089170440015	0.00837797651251975
814	2.01061352908315	0.00836605528196839
815	2.01033634071925	0.00835416947308985
816	2.01006013469906	0.00834231892521669
817	2.0097849064397	0.00833050347864767
818	2.00951065138465	0.00831872297464064
819	2.00923736500349	0.00830697725540558
820	2.00896504279183	0.00829526616409761
821	2.00869368027105	0.00828358954481007
822	2.00842327298815	0.00827194724256775
823	2.00815381651559	0.00826033910332002
824	2.00788530645114	0.00824876497393421
825	2.00761773841762	0.00823722470218884
826	2.00735110806286	0.00822571813676707
827	2.00708541105941	0.0082142451272501
828	2.00682064310445	0.00820280552411072
829	2.00655679991961	0.00819139917870681
830	2.00629387725079	0.00818002594327495
831	2.006031870868	0.0081686856709241
832	2.00577077656523	0.00815737821562929
833	2.00551059016023	0.00814610343222539
834	2.00525130749442	0.00813486117640093
835	2.00499292443267	0.00812365130469192
836	2.0047354368632	0.00811247367447583
837	2.00447884069738	0.00810132814396553
838	2.00422313186959	0.00809021457220326
839	2.00396830633707	0.00807913281905477
840	2.0037143600798	0.00806808274520337
841	2.00346128910028	0.00805706421214414
842	2.00320908942342	0.00804607708217809
843	2.00295775709642	0.00803512121840645
844	2.00270728818857	0.00802419648472499
845	2.00245767879113	0.00801330274581833
846	2.00220892501718	0.00800243986715437
847	2.00196102300149	0.00799160771497869
848	2.00171396890035	0.00798080615630911
849	2.00146775889145	0.00797003505893016
850	2.00122238917375	0.00795929429138768
851	2.00097785596729	0.00794858372298346
852	2.00073415551311	0.00793790322376987
853	2.00049128407308	0.00792725266454463
854	2.00024923792976	0.00791663191684547
855	2.00000801338631	0.00790604085294505
856	1.99976760676627	0.00789547934584568
857	1.99952801441353	0.00788494726927427
858	1.9992892326921	0.00787444449767723
859	1.99905125798606	0.00786397090621545
860	1.99881408669936	0.00785352637075928
861	1.99857771525576	0.0078431107678836
862	1.99834214009863	0.00783272397486288
863	1.99810735769089	0.0078223658696663
864	1.99787336451482	0.00781203633095299
865	1.997640157072	0.0078017352380671
866	1.99740773188311	0.00779146247103318
867	1.99717608548789	0.00778121791055136
868	1.99694521444494	0.00777100143799272
869	1.99671511533164	0.00776081293539462
870	1.99648578474405	0.00775065228545611
871	1.99625721929671	0.00774051937153337
872	1.99602941562262	0.00773041407763515
873	1.99580237037303	0.00772033628841826
874	1.99557608021741	0.0077102858891832
875	1.99535054184326	0.0077002627658696
876	1.99512575195602	0.00769026680505194
877	1.99490170727897	0.00768029789393517
878	1.99467840455311	0.00767035592035034
879	1.99445584053702	0.00766044077275038
880	1.9942340120068	0.00765055234020581
881	1.99401291575588	0.00764069051240053
882	1.99379254859501	0.00763085517962767
883	1.99357290735205	0.00762104623278538
884	1.99335398887193	0.00761126356337276
885	1.99313579001652	0.00760150706348575
886	1.99291830766451	0.0075917766258131
887	1.99270153871131	0.00758207214363234
888	1.99248548006897	0.00757239351080578
889	1.99227012866603	0.00756274062177655
890	1.99205548144745	0.00755311337156472
891	1.99184153537448	0.00754351165576336
892	1.99162828742459	0.00753393537053467
893	1.99141573459134	0.00752438441260619
894	1.99120387388429	0.00751485867926698
895	1.99099270232889	0.00750535806836382
896	1.99078221696639	0.00749588247829748
897	1.99057241485374	0.00748643180801905
898	1.99036329306349	0.00747700595702619
899	1.99015484868368	0.00746760482535949
900	1.98994707881777	0.00745822831359889
901	1.98973998058452	0.00744887632286003
902	1.98953355111788	0.00743954875479067
903	1.98932778756696	0.00743024551156721
904	1.98912268709585	0.00742096649589112
905	1.98891824688359	0.00741171161098545
906	1.98871446412406	0.00740248076059141
907	1.98851133602586	0.0073932738489649
908	1.98830885981225	0.00738409078087313
909	1.98810703272107	0.00737493146159121
910	1.9879058520046	0.00736579579689881
911	1.98770531492952	0.00735668369307683
912	1.98750541877678	0.00734759505690412
913	1.98730616084155	0.00733852979565414
914	1.98710753843312	0.00732948781709178
915	1.98690954887477	0.0073204690294701
916	1.98671218950376	0.00731147334152711
917	1.98651545767118	0.00730250066248263
918	1.9863193507419	0.0072935509020351
919	1.98612386609447	0.0072846239703585
920	1.98592900112105	0.00727571977809919
921	1.98573475322728	0.00726683823637285
922	1.98554111983228	0.00725797925676144
923	1.98534809836849	0.00724914275131017
924	1.98515568628162	0.00724032863252443
925	1.98496388103059	0.00723153681336687
926	1.9847726800874	0.00722276720725441
927	1.98458208093709	0.0072140197280553
928	1.98439208107763	0.00720529429008618
929	1.9842026780199	0.00719659080810922
930	1.98401386928751	0.0071879091973292
931	1.98382565241684	0.00717924937339071
932	1.98363802495685	0.00717061125237526
933	1.9834509844691	0.00716199475079852
934	1.98326452852761	0.00715339978560749
935	1.9830786547188	0.00714482627417776
936	1.98289336064145	0.00713627413431075
937	1.98270864390655	0.00712774328423099
938	1.98252450213731	0.0071192336425834
939	1.98234093296903	0.00711074512843062
940	1.98215793404905	0.00710227766125034
941	1.98197550303666	0.00709383116093266
942	1.98179363760305	0.00708540554777743
943	1.98161233543123	0.00707700074249171
944	1.98143159421595	0.00706861666618712
945	1.98125141166364	0.0070602532403773
946	1.98107178549233	0.00705191038697539
947	1.98089271343159	0.00704358802829143
948	1.98071419322246	0.00703528608702991
949	1.98053622261738	0.00702700448628729
950	1.9803587993801	0.00701874314954945
951	1.98018192128566	0.00701050200068932
952	1.98000558612029	0.00700228096396442
953	1.97982979168132	0.00699407996401437
954	1.97965453577717	0.00698589892585864
955	1.97947981622726	0.006977737774894
956	1.97930563086191	0.00696959643689229
957	1.97913197752234	0.006961474837998
958	1.97895885406055	0.00695337290472595
959	1.97878625833927	0.006945290563959
960	1.97861418823193	0.00693722774294576
961	1.97844264162254	0.00692918436929825
962	1.97827161640567	0.00692116037098973
963	1.97810111048639	0.00691315567635237
964	1.97793112178016	0.00690517021407507
965	1.97776164821283	0.00689720391320126
966	1.97759268772053	0.00688925670312667
967	1.97742423824964	0.00688132851359714
968	1.97725629775671	0.00687341927470649
969	1.97708886420842	0.0068655289168944
970	1.97692193558151	0.00685765737094417
971	1.9767555098627	0.00684980456798073
972	1.97658958504867	0.00684197043946845
973	1.97642415914597	0.00683415491720909
974	1.976259230171	0.00682635793333973
975	1.97609479614991	0.0068185794203307
976	1.97593085511855	0.00681081931098356
977	1.97576740512244	0.00680307753842905
978	1.97560444421669	0.00679535403612509
979	1.97544197046597	0.0067876487378548
980	1.97527998194441	0.00677996157772447
981	1.97511847673558	0.00677229249016166
982	1.97495745293244	0.00676464140991319
983	1.97479690863725	0.0067570082720432
984	1.97463684196154	0.0067493930119313
985	1.97447725102608	0.00674179556527054
986	1.97431813396077	0.00673421586806561
987	1.97415948890463	0.00672665385663092
988	1.97400131400572	0.00671910946758872
989	1.97384360742114	0.00671158263786724
990	1.97368636731689	0.00670407330469887
991	1.97352959186791	0.00669658140561832
992	1.97337327925796	0.00668910687846079
993	1.97321742767962	0.00668164966136018
994	1.97306203533419	0.00667420969274727
995	1.97290710043168	0.00666678691134798
996	1.97275262119074	0.00665938125618158
997	1.97259859583863	0.00665199266655895
998	1.97244502261114	0.00664462108208081
999	1.97229189975256	0.006637266442636
1000	1.97213922551563	0.00662992868839982
