381.37625	1.4891163	0.006656961	
382.54877	1.4887857	0.006640869	
383.72852	1.4884583	0.006624816	
384.91556	1.4881338	0.006608802	
386.11	1.4878123	0.006592826	
387.31183	1.4874938	0.006576889	
388.52118	1.4871781	0.0065609906	
389.73813	1.4868655	0.0065451306	
390.9627	1.4865557	0.006529309	
392.195	1.486249	0.0065135253	
393.43512	1.485945	0.00649778	
394.68307	1.4856439	0.0064820726	
395.939	1.4853456	0.0064664036	
397.2029	1.4850502	0.0064507723	
398.4749	1.4847577	0.006435178	
399.75513	1.4844679	0.0064196223	
401.04355	1.4841808	0.006404104	
402.34036	1.4838965	0.0063886233	
403.6455	1.4836149	0.00637318	
404.9592	1.4833361	0.0063577737	
406.2815	1.48306	0.006342405	
407.6124	1.4827865	0.0063270736	
408.9521	1.4825158	0.006311779	
410.3006	1.4822477	0.0062965215	
411.65802	1.4819822	0.006281301	
413.0245	1.4817194	0.0062661157	
414.4	1.481459	0.0062509696	
415.78476	1.4812014	0.0062358584	
417.17877	1.4809463	0.006220785	
418.58218	1.4806937	0.006205747	
419.99506	1.4804436	0.0061907456	
421.41754	1.4801961	0.00617578	
422.84967	1.479951	0.0061608516	
424.2915	1.4797086	0.006145959	
425.74326	1.4794685	0.0061311023	
427.20502	1.4792308	0.006116281	
428.67682	1.4789956	0.0061014956	
430.15878	1.4787627	0.006086746	
431.65097	1.4785323	0.0060720337	
433.15366	1.4783043	0.006057355	
434.6668	1.4780786	0.006042712	
436.19052	1.4778553	0.006028105	
437.725	1.4776343	0.006013533	
439.27032	1.4774157	0.005998996	
440.82657	1.4771993	0.005984495	
442.3939	1.4769852	0.005970028	
443.97235	1.4767734	0.005955597	
445.5622	1.4765638	0.0059412	
447.1634	1.4763565	0.005926839	
448.7762	1.4761513	0.005912511	
450.40063	1.4759483	0.005898219	
452.03693	1.4757476	0.005883961	
453.68512	1.4755491	0.0058697374	
455.34537	1.4753526	0.0058555487	
457.01782	1.4751583	0.0058413935	
458.70258	1.4749662	0.0058272732	
460.39984	1.4747761	0.0058131865	
462.1097	1.4745882	0.0057991347	
463.83234	1.4744023	0.005785116	
465.5678	1.4742185	0.0057711313	
467.31635	1.4740367	0.005757181	
469.07806	1.473857	0.0057432638	
470.85312	1.4736793	0.00572938	
472.64166	1.4735036	0.0057155304	
474.44385	1.4733298	0.005701714	
476.25983	1.473158	0.005687931	
478.08975	1.4729882	0.0056741815	
479.93378	1.4728203	0.0056604655	
481.79208	1.4726543	0.005646782	
483.6649	1.4724903	0.005633132	
485.55225	1.4723282	0.005619515	
487.45444	1.472168	0.005605931	
489.37158	1.4720095	0.0055923793	
491.3038	1.471853	0.005578861	
493.25146	1.4716983	0.0055653746	
495.2145	1.4715453	0.0055519217	
497.1933	1.4713943	0.005538501	
499.188	1.471245	0.005525112	
501.19867	1.4710976	0.0055117565	
503.22574	1.4709518	0.0054984326	
505.26913	1.4708078	0.005485141	
507.32928	1.4706656	0.0054718815	
509.4063	1.470525	0.0054586544	
511.50034	1.4703863	0.005445459	
513.6117	1.470249	0.0054322956	
515.74054	1.4701136	0.005419164	
517.88715	1.4699799	0.005406064	
520.05164	1.4698478	0.0053929957	
522.2343	1.4697173	0.005379959	
524.4354	1.4695884	0.005366954	
526.65515	1.4694612	0.00535398	
528.89374	1.4693356	0.005341038	
531.1515	1.4692116	0.0053281267	
533.4285	1.469089	0.005315247	
535.7252	1.4689682	0.0053023985	
538.0417	1.4688487	0.0052895807	
540.37836	1.4687309	0.005276794	
542.7354	1.4686146	0.005264038	
545.1131	1.4684998	0.0052513136	
547.5117	1.4683864	0.005238619	
549.9315	1.4682746	0.005225956	
552.3728	1.4681642	0.005213323	
554.8359	1.4680554	0.0052007204	
557.321	1.4679478	0.005188149	
559.8285	1.4678417	0.0051756073	
562.35864	1.4677372	0.0051630964	
564.9118	1.467634	0.0051506152	
567.4883	1.467532	0.0051381644	
570.08826	1.4674317	0.0051257443	
572.7123	1.4673325	0.0051133535	
575.3605	1.4672347	0.005100993	
578.0333	1.4671384	0.005088662	
580.73114	1.4670433	0.005076361	
583.4542	1.4669496	0.00506409	
586.203	1.4668571	0.005051848	
588.97766	1.4667659	0.0050396365	
591.77893	1.466676	0.005027454	
594.6068	1.4665874	0.0050153006	
597.4619	1.4665	0.005003177	
600.3446	1.466414	0.004991083	
603.2551	1.4663291	0.0049790177	
606.1941	1.4662454	0.0049669817	
609.16187	1.4661629	0.004954975	
612.15875	1.4660816	0.0049429974	
615.18536	1.4660016	0.0049310485	
618.24194	1.4659227	0.0049191285	
621.32916	1.4658449	0.0049072374	
624.4473	1.4657683	0.004895375	
627.5969	1.4656929	0.0048835413	
630.77844	1.4656185	0.0048717363	
633.99243	1.4655453	0.0048599592	
637.2393	1.4654732	0.0048482115	
640.51965	1.4654022	0.004836492	
643.83386	1.4653323	0.0048248	
647.18256	1.4652634	0.0048131375	
650.56635	1.4651957	0.004801502	
653.9857	1.4651289	0.0047898954	
657.4411	1.4650632	0.0047783167	
660.9333	1.4649985	0.004766766	
664.46277	1.4649348	0.004755243	
668.03015	1.4648721	0.004743748	
671.636	1.4648105	0.004732281	
675.281	1.4647498	0.0047208415	
678.96576	1.4646901	0.0047094296	
682.69104	1.4646313	0.0046980456	
686.4574	1.4645735	0.0046866885	
690.2655	1.4645166	0.0046753595	
694.1161	1.4644607	0.0046640574	
698.0099	1.4644058	0.004652783	
701.9476	1.4643517	0.0046415357	
705.93005	1.4642985	0.0046303156	
709.9579	1.4642463	0.0046191225	
714.0319	1.4641948	0.0046079564	
718.1531	1.4641442	0.004596818	
722.322	1.4640946	0.0045857057	
726.5397	1.4640458	0.0045746206	
730.8069	1.4639978	0.004563562	
735.12445	1.4639506	0.0045525306	
739.4934	1.4639043	0.0045415256	
743.91455	1.4638588	0.004530547	
748.389	1.4638141	0.0045195953	
752.9175	1.4637702	0.00450867	
757.5011	1.463727	0.004497771	
762.14087	1.4636847	0.0044868984	
766.8378	1.4636431	0.0044760522	
771.5931	1.4636022	0.004465232	
776.4077	1.4635621	0.004454438	
781.2827	1.4635228	0.00444367	
786.21936	1.4634842	0.0044329287	
791.21875	1.4634463	0.004422213	
796.28217	1.4634091	0.0044115228	
801.4109	1.4633726	0.0044008587	
806.606	1.4633368	0.00439022	
811.8689	1.4633017	0.0043796077	
817.201	1.4632672	0.004369021	
822.6035	1.4632335	0.0043584597	
828.078	1.4632003	0.0043479237	
833.62585	1.4631678	0.0043374132	
839.2484	1.463136	0.0043269284	
844.94745	1.4631048	0.0043164687	
850.7244	1.4630742	0.0043060347	
856.58093	1.4630443	0.0042956253	
862.5187	1.463015	0.0042852415	
868.5392	1.4629861	0.004274883	
874.6444	1.462958	0.004264549	
880.83606	1.4629304	0.00425424	
887.116	1.4629034	0.004243956	
893.48615	1.4628769	0.004233697	