246.077	1.7094	0.04724
247.679	1.7068	0.046359
249.28	1.7024	0.043748
250.882	1.6982	0.039856
252.483	1.6951	0.036867
254.085	1.693	0.035092
255.686	1.6901	0.034842
257.288	1.6865	0.034007
258.889	1.6826	0.032859
260.49	1.6796	0.031886
262.092	1.6769	0.030957
263.693	1.6749	0.030806
265.295	1.6727	0.03115
266.896	1.6705	0.031394
268.497	1.6678	0.031258
270.099	1.6661	0.03084
271.7	1.6644	0.030368
273.301	1.6633	0.029428
274.903	1.6628	0.029388
276.504	1.6619	0.029471
278.105	1.6609	0.029159
279.706	1.6596	0.028386
281.307	1.6586	0.027535
282.909	1.6577	0.02621
284.51	1.6567	0.024619
286.111	1.6559	0.023055
287.712	1.655	0.021362
289.313	1.6538	0.019935
290.914	1.6517	0.018549
292.515	1.6498	0.016756
294.117	1.6478	0.015553
295.718	1.6455	0.015046
297.319	1.6437	0.014733
298.92	1.6419	0.014613
300.521	1.6404	0.014454
302.122	1.639	0.014003
303.723	1.6378	0.014019
305.324	1.6361	0.013768
306.924	1.6349	0.013824
308.525	1.6339	0.014436
310.126	1.6336	0.015074
311.727	1.6339	0.014902
313.328	1.6342	0.013443
314.929	1.6337	0.011305
316.529	1.6324	0.0092375
318.13	1.6312	0.00776
319.731	1.6293	0.0074753
321.332	1.6278	0.0064331
322.932	1.6265	0.0057142
324.533	1.6251	0.0050136
326.134	1.6239	0.0047017
327.734	1.6227	0.0049963
329.335	1.6214	0.0048988
330.935	1.6205	0.0037072
332.536	1.6191	0.0038854
334.136	1.6173	0.0027226
335.737	1.6166	0.0025263
337.337	1.6155	0.002603
338.938	1.6145	0.0029871
340.538	1.6137	0.0028836
342.139	1.6127	0.002446
343.739	1.6117	0.0021673
345.339	1.6107	0.001825
346.94	1.61	0.0020919
348.54	1.6092	0.0030186
350.14	1.6081	0.0021769
351.74	1.6077	0.0011954
353.34	1.606	0.00028368
354.941	1.605	0.00053681
356.541	1.6049	0.00080544
358.141	1.6041	0.0011659
359.741	1.6035	0.0014848
361.341	1.6028	0.0016038
362.941	1.6021	0.0015853
364.541	1.6013	0.0013651
366.141	1.6005	0.0011473
367.741	1.5997	0.00096316
369.34	1.5991	0.0010806
370.94	1.5988	1.99E-03
372.54	1.5977	0.0021586
374.14	1.5971	0.00090888
375.74	1.5971	0.00048006
377.339	1.5958	0.00057592
378.939	1.5951	0.000039866
380.539	1.5948	0.000027668
382.138	1.5943	0.00040684
383.738	1.5938	0.0007566
385.337	1.5931	0.00095753
386.937	1.5927	0.0010839
388.536	1.5922	0.001006
390.136	1.5918	0.00091884
391.735	1.591	7.74E-04
393.334	1.5905	6.36E-04
394.934	1.5901	5.14E-04
396.533	1.5896	0.00050688
398.132	1.5893	0.00080652
399.731	1.5891	0.001269
401.33	1.5883	0.0011324
402.929	1.5877	0.00050706
404.529	1.5875	0.00019975
406.128	1.587	0.0001978
407.727	1.5861	0
409.326	1.5857	0
410.924	1.5853	0
412.523	1.5848	0.00018725
414.122	1.5845	0.00034358
415.721	1.5842	0.00053459
417.32	1.5838	0.00057303
418.918	1.5833	0.00059636
420.517	1.5828	0.0005324
422.116	1.5825	0.00048769
423.714	1.5824	0.00043476
425.313	1.5821	0.00031426
426.911	1.5816	2.46E-04
428.51	1.5812	0.00018248
430.108	1.5809	0.00020904
431.707	1.5807	0.00039615
433.305	1.5805	0.00072377
434.903	1.5799	0.00080515
436.501	1.5794	0.00056518
438.1	1.5792	0.00016094
439.698	1.579	8.89E-05
441.296	1.5785	0.00E+00
442.894	1.5778	0
444.492	1.5776	0
446.09	1.5775	0
447.688	1.5772	0
449.286	1.5767	0
450.883	1.5764	0.000031782
452.481	1.5762	0.0001575
454.079	1.5758	2.49E-04
455.677	1.5755	2.75E-04
457.274	1.5753	0.00033743
458.872	1.5751	0.00029401
460.469	1.5749	0.00028492
462.067	1.5745	0.00026243
463.664	1.5742	0.00017898
465.262	1.5741	0.0001868
466.859	1.5739	7.96E-05
468.456	1.5737	7.29E-05
470.053	1.5733	3.65E-05
471.65	1.573	0.000083615
473.248	1.5728	0.00023067
474.845	1.5727	0.00043685
476.442	1.5724	0.00060178
478.039	1.572	0.00044216
479.636	1.5718	0.00016948
481.232	1.5716	0.000039629
482.829	1.5712	0.000078142
484.426	1.5706	0.000031564
486.023	1.5706	0
487.619	1.5708	0
489.216	1.5706	0.00E+00
490.812	1.5702	0.00E+00
492.409	1.5699	0.00E+00
494.005	1.5695	0.00E+00
495.602	1.5693	0.00E+00
497.198	1.5691	0
498.794	1.5689	2.65E-06
500.39	1.5688	0.000063372
501.987	1.5686	1.71E-04
503.583	1.5684	1.96E-04
505.179	1.5682	2.25E-04
506.775	1.568	2.24E-04
508.371	1.5678	2.11E-04
509.966	1.5676	0.00017176
511.562	1.5674	0.00014292
513.158	1.5673	0.000097567
514.754	1.5671	0.000078714
516.349	1.5669	0.000050122
517.945	1.5667	6.9322E-06
519.54	1.5665	0.00E+00
521.136	1.5663	0.00E+00
522.731	1.5661	3.39E-05
524.326	1.566	0.000096523
525.922	1.5661	0.00024725
527.517	1.5663	0.00044337
529.112	1.5665	0.00058776
530.707	1.5664	0.00052434
532.302	1.5662	0.0004345
533.897	1.5661	0.00024123
535.492	1.5658	0.00015156
537.087	1.5655	0.0001966
538.681	1.5651	0.00017176
540.276	1.5647	3.8171E-07
541.871	1.5645	0
543.465	1.5644	0
545.06	1.5643	0
546.654	1.564	0
548.249	1.5636	0
549.843	1.5633	0
551.437	1.5632	0
553.031	1.5631	0
554.625	1.563	0
556.219	1.5629	0
557.813	1.5627	0
559.407	1.5626	0.000038913
561.001	1.5624	0.00011799
562.595	1.5624	0.00015654
564.189	1.5622	1.64E-04
565.782	1.562	1.85E-04
567.376	1.5618	1.69E-04
568.969	1.5617	1.78E-04
570.563	1.5616	1.35E-04
572.156	1.5615	1.37E-04
573.749	1.5613	0.00010171
575.342	1.5612	0.000060968
576.936	1.5611	0.000070785
578.529	1.561	0.000055185
580.122	1.5609	0
581.715	1.5608	0
583.307	1.5608	0.00E+00
584.9	1.5606	0.00E+00
586.493	1.5604	0.00E+00
588.086	1.5604	0.00E+00
589.678	1.5604	0
591.271	1.5602	0.000068155
592.863	1.56	0.00014389
594.455	1.5599	0.00018725
596.048	1.5598	0.00018319
597.64	1.5597	0.00015312
599.232	1.5595	0.000055592
600.824	1.5594	0
602.416	1.5593	0
604.008	1.5592	0
605.6	1.5591	0
607.191	1.5589	0
608.783	1.5587	0
610.375	1.5586	0
611.966	1.5586	0
613.558	1.5585	0
615.149	1.5584	0
616.74	1.5583	0
618.331	1.558	0
619.923	1.5578	0
621.514	1.5577	0
623.105	1.5577	0
624.695	1.5577	0
626.286	1.5576	0.00E+00
627.877	1.5575	0.00E+00
629.468	1.5574	0.00E+00
631.058	1.5574	0.00E+00
632.649	1.5573	0.00E+00
634.239	1.5572	0.00E+00
635.829	1.557	0.00E+00
637.42	1.5569	9.69E-05
639.01	1.5569	1.02E-04
640.6	1.5568	0.00011031
642.19	1.5567	0.00012486
643.78	1.5566	0.00011638
645.37	1.5565	1.18E-04
646.959	1.5564	1.15E-04
648.549	1.5563	1.21E-04
650.138	1.5562	1.34E-04
651.728	1.556	9.65E-05
653.317	1.5555	9.22E-05
654.907	1.5553	0.000040562
656.496	1.556	0.000033702
658.085	1.5565	5.25E-05
659.674	1.5561	0.000064448
661.263	1.5557	6.4525E-06
662.852	1.5555	0.000020139
664.441	1.5554	0
666.029	1.5554	0
667.618	1.5552	0
669.207	1.5552	0.00E+00
670.795	1.5551	0.00E+00
672.383	1.555	0
673.972	1.555	0
675.56	1.5549	0
677.148	1.5549	0
678.736	1.5548	0.000014853
680.324	1.5547	0.000036765
681.912	1.5546	0.000068336
683.5	1.5546	0.000074508
685.087	1.5545	0.000035146
686.675	1.5544	4.8534E-06
688.262	1.5543	0
689.85	1.5542	0
691.437	1.5541	0
693.024	1.554	0
694.611	1.5539	0
696.198	1.5538	0
697.785	1.5537	0
699.372	1.5536	0
700.959	1.5536	0
702.545	1.5535	0
704.132	1.5534	0
705.718	1.5533	0
707.304	1.5532	0
708.891	1.5531	0
710.477	1.5529	0
712.063	1.5528	0
713.649	1.5528	0
715.235	1.5528	0
716.821	1.5528	0
718.406	1.5529	0
719.992	1.5531	0
721.577	1.5532	0
723.163	1.5532	0
724.748	1.5532	0.00E+00
726.333	1.5531	0.00E+00
727.918	1.553	0.00E+00
729.503	1.5529	0.00E+00
731.088	1.5527	0.00E+00
732.673	1.5526	0
734.258	1.5525	0
735.842	1.5524	0.000025729
737.427	1.5523	0.000057933
739.011	1.5522	0.00012811
740.595	1.552	0.000085768
742.179	1.552	0.000080587
743.764	1.5519	0.00014027
745.348	1.5518	0.00012767
746.931	1.5517	0.00012755
748.515	1.5516	0.00014283
750.099	1.5516	0.00013564
751.683	1.5515	0.00016174
753.266	1.5514	0.00016197
754.849	1.5514	0.00016639
756.433	1.5514	0.0001628
758.016	1.5513	0.00016692
759.599	1.5513	0.00014628
761.182	1.5512	1.42E-04
762.765	1.5512	1.34E-04
764.347	1.5511	1.23E-04
765.93	1.551	1.22E-04
767.513	1.5509	8.84E-05
769.095	1.5509	7.13E-05
770.677	1.5509	6.83E-05
772.259	1.5508	3.92E-05
773.842	1.5507	0
775.424	1.5507	0
777.005	1.5506	8.9551E-06
778.587	1.5506	0
780.169	1.5505	0
781.75	1.5504	0
783.332	1.5504	0
784.913	1.5503	0.00E+00
786.494	1.5503	0.00E+00
788.076	1.5502	0.00E+00
789.657	1.5502	0.00E+00
791.238	1.5502	0.00E+00
792.818	1.5502	0.00E+00
794.399	1.5501	0.00E+00
795.98	1.5501	0.000032182
797.56	1.55	0.000047778
799.14	1.5499	0.000023816
800.721	1.5499	0.000037623
802.301	1.5499	0.000026541
803.881	1.5499	0.000048182
805.461	1.5498	0.000030119
807.04	1.5496	0
808.62	1.5496	6.7077E-06
810.2	1.5496	0
811.779	1.5495	0
813.358	1.5494	0
814.938	1.5493	0
816.517	1.5492	0
818.096	1.5492	0
819.675	1.5491	0
821.253	1.549	0
822.832	1.549	0
824.411	1.549	0
825.989	1.5489	0
827.567	1.5489	0
829.146	1.5489	0
830.724	1.5488	0
832.301	1.5487	0
833.879	1.5486	0
835.457	1.5485	0
837.035	1.5485	0
838.612	1.5484	0
840.189	1.5483	0
841.767	1.5483	0
843.344	1.5483	0
844.921	1.5482	0
846.498	1.5481	0
848.074	1.5481	0
849.651	1.5481	0
851.227	1.5481	0
852.804	1.5481	0
854.38	1.5481	0
855.956	1.5481	0
857.532	1.548	0.00E+00
859.108	1.5479	0
860.684	1.548	0
862.259	1.5479	0
863.835	1.5479	0
865.41	1.5479	0
866.986	1.5479	0
868.561	1.5477	0.00E+00
870.136	1.5478	0.00E+00
871.711	1.5478	0.00E+00
873.285	1.5477	0.00E+00
874.86	1.5476	2.52E-05
876.435	1.5476	8.59E-05
878.009	1.5477	0.000082941
879.583	1.5475	0.0001406
881.157	1.5474	0.00013958
882.731	1.5475	0.000082239
884.305	1.5475	0.00013988
885.879	1.5473	0.0001672
887.453	1.5473	0.00012889
889.026	1.5474	0.0001515
890.6	1.5473	0.00016611
892.173	1.5472	0.00014712
893.746	1.5472	0.0001813
895.319	1.5472	0.00021192
896.892	1.5471	0.00026505
898.464	1.547	0.00029707
900.037	1.547	0.00024484
901.609	1.5471	0.00026043
903.182	1.547	0.00021068
904.754	1.5469	0.00029152
906.326	1.5469	0.00022101
907.898	1.547	0.00023831
909.47	1.5468	0.00026054
911.042	1.5467	2.12E-04
912.613	1.5468	2.30E-04
914.184	1.5469	2.79E-04
915.756	1.5468	0.00019562
917.327	1.5466	2.07E-04
918.898	1.5466	2.10E-04
920.469	1.5468	0.00023179
922.039	1.5467	1.89E-04
923.61	1.5466	9.89E-05
925.18	1.5466	0.000063922
926.751	1.5468	0.00018328
928.321	1.5467	0.00013773
929.891	1.5467	3.1072E-06
931.461	1.5466	7.4152E-06
933.031	1.5468	0.000049803
934.6	1.5471	0
936.17	1.547	0
937.739	1.5468	1.4372E-06
939.308	1.5469	0.000065036
940.878	1.5469	0.00017178
942.447	1.5465	0.000019824
944.015	1.5464	0.00016653
945.584	1.5461	0.00028681
947.153	1.5462	0.00014136
948.721	1.5461	0.00019465
950.289	1.5459	0.00015643
951.857	1.5458	0.00020219
953.425	1.5458	0.0002594
954.993	1.5459	0.00029883
956.561	1.5458	0.00027714
958.129	1.5457	0.00027468
959.696	1.5458	0.00031614
961.263	1.5459	0.00032426
962.83	1.5457	0.00040956
964.397	1.5457	0.00049574
965.964	1.5457	0.00043939
967.531	1.5458	0.00057727
969.097	1.5457	0.00058193
970.664	1.5456	0.00075354
972.23	1.5455	0.00066856
973.796	1.5456	0.00065297
975.362	1.5455	6.69E-04
976.928	1.5453	7.23E-04
978.494	1.5452	6.41E-04
980.059	1.5453	0.00061365
981.625	1.5453	0.00064464
983.19	1.5451	0.0006865
984.755	1.5451	0.00054361
986.32	1.5451	0.00053044
987.885	1.5453	0.00046741
989.45	1.5451	0.00057806
991.014	1.5449	0.0005008
992.578	1.5449	0.00041467
994.143	1.5449	0.00035541
995.707	1.5449	0.00040808
997.271	1.5447	0.00036528
998.834	1.5446	0.00023836
